 0: {  0  1  2  3  4  5  6  7  8  9 10 11 12 13 14 15 16 17 18 19 20 21 22 23 }

 1: {  0  1  2  3  4  5 15 16 11 22  9 13 20  8 23 18 19 14  6  7 21 12 10 17 }
R6SR6SL2SR7SR10SL10S
 2: {  0  1  2  3  4  5 18 19 13 10 22  8 21 11 17  6  7 23 15 16 12 20  9 14 }
L3SL11SR5SL6SR6SL2SL11
 3: {  0  1  2  3  4  7  6  5 23 21 13 12 11 10 20 15 19 22 18 16 14  9 17  8 }
R3SL10SR5SR5SL8
 4: {  0  1  2  3  4  7 15 19 12 17 21 10 14 23  8 18 16 20  6  5  9 11 13 22 }
R3SR3SR8SR3SR4SR11SR2
 5: {  0  1  2  3  4  7 18 16 10 13 17 23  9 12 22  6  5  8 15 19 11 14 21 20 }
R4SR10SL3SR2SL10SL4
 6: {  0  1  2  3  4  8  6 23  5 16 12 13 10 11 22 15  9 20 18 21 17 19 14  7 }
L2SR3SL5SR4SL5SR3SR4
 7: {  0  1  2  3  4  8 15  9 13 14 16 11 17  5  7 18 21 22  6 23 19 10 12 20 }
L5SR2SL2SR3SR3SL7SL5
 8: {  0  1  2  3  4  8 18 21 11 12 14  5 19 13 20  6 23  7 15  9 10 17 16 22 }
L2SR2SR11SL2SR4SL11SR11S
 9: {  0  1  2  3  4  9  6 21 16  5 22 20 14 17 12 15  8 13 18 23 11  7 10 19 }
L4SR10SR3SL2SL6SR8
10: {  0  1  2  3  4  9 15  8 20 10  5 17 11 16 19 18 23 12  6 21  7 14 22 13 }
RSR7SR9SR7SL
11: {  0  1  2  3  4  9 18 23 17 22 10 16  7 20 13  6 21 19 15  8 14 11  5 12 }
L6SR11SR5SL6SL11SR6
12: {  0  1  2  3  4 10  6 13 12 22  5 23  8  7 16 15 14 21 18 20 19 17  9 11 }
L7SR4SR3SL3SR3SR5SR9
13: {  0  1  2  3  4 10 15 14 23  9 22  7 19 12 11 18 20 16  6 13 17  8  5 21 }
R5SR9SL7SR10SL8SL6
14: {  0  1  2  3  4 10 18 20  7  5  9 12 17 23 21  6 13 11 15 14  8 19 22 16 }
RSL7SL9SL7SL
15: {  0  1  2  3  4 11  6 12 13 20 23  5  7  8 21 15 17 16 18 22  9 14 19 10 }
R2SR5SR8SL3SR7SL2S
16: {  0  1  2  3  4 11 15 17  5 19 20  8  9 13 10 18 22 21  6 12 14  7 23 16 }
L2SR6SL4SL6SL4SR3SL9S
17: {  0  1  2  3  4 11 18 22  8 23 19 13 14  5 16  6 12 10 15 17  7  9 20 21 }
R9SL4SR5SR6SL11SL4
18: {  0  1  2  3  4 12  6 11 10 14  8  7  5 23  9 15 22 19 18 17 21 20 16 13 }
R2SL5SR4SL5SR2SL2S
19: {  0  1  2  3  4 12 15 22  7 16 14 23 21 10 13 18 17  9  6 11 20  5  8 19 }
R4SL2SR8SR5SL3SR2SL4S
20: {  0  1  2  3  4 12 18 17 23  8 16 10 20  7 19  6 11 13 15 22  5 21 14  9 }
R5SR5SL2SR7SL3SR10SR3
21: {  0  1  2  3  4 13  6 10 11 17  7  8 23  5 19 15 20  9 18 14 16 22 21 12 }
LSR2SR7SR3SL6SR4SL7S
22: {  0  1  2  3  4 13 15 20  8 21 17  5 16 11 12 18 14 19  6 10 22 23  7  9 }
R4SR11SL6SL5SR4SL9
23: {  0  1  2  3  4 13 18 14  5  7 21 11 22  8  9  6 10 12 15 20 23 16 17 19 }
R5SR5SL2SL3SL3SR2SR7
24: {  0  1  2  3  4 14  6 20 22 12 16 21  9 19  5 15 10 23 18 13  7 11  8 17 }
R8SL4SL10SL4SR5SL10
25: {  0  1  2  3  4 14 15 10 21  8 12 19  7 22 17 18 13  5  6 20 11  9 16 23 }
R5SR11SL3SL5SL4SL9SL5
26: {  0  1  2  3  4 14 18 13 19 16  8 22 11 21 23  6 20 17 15 10  9  7 12  5 }
LSL8SL6SR3SL7SL3SL8
27: {  0  1  2  3  4 16  6 19  9  8 14 17 22 20 10 15  5 11 18  7 13 23 12 21 }
R2SR7SR6SR11SL9SR11S
28: {  0  1  2  3  4 16 15  5 17 12  8 20 13  9 21 18  7 10  6 19 23 22 14 11 }
R4SR10SL2SR3SL10SL4
29: {  0  1  2  3  4 16 18  7 20 14 12  9 23 17 11  6 19 21 15  5 22 13  8 10 }
LSL5SR2SL7SL10SR9SL5
30: {  0  1  2  3  4 17  6 22 20 13 21 16 19  9 23 15 11  5 18 12  8 10  7 14 }
L6SL4SL3SL4SL8SL6SL6
31: {  0  1  2  3  4 17 15 11 16  7 13  9  8 20 14 18 12 23  6 22 10 19 21  5 }
R8SR10SR11SL11SR7SL10S
32: {  0  1  2  3  4 17 18 12  9 21  7 20 10 16  5  6 22 14 15 11 19  8 13 23 }
L2SL11SR5SL6SR6SL2SR11
33: {  0  1  2  3  4 19  6 16 21 23 20 22 17 14 13 15  7 12 18  5 10  8 11  9 }
L6SL4SR6SR6SL4SR2SL4S
34: {  0  1  2  3  4 19 15  7 22 11 23 14 10 21  9 18  5 13  6 16  8 17 20 12 }
R3SR6SR8SL5SL10SL5SL4
35: {  0  1  2  3  4 19 18  5 14 20 11 21  8 22 12  6 16  9 15  7 17 10 23 13 }
L2SL11SL4SL3SL8SL3SL3
36: {  0  1  2  3  4 20  6 14 17 11 19  9 21 16  7 15 13  8 18 10  5 12 23 22 }
RSR4SL4SR6SR7SL7SL7
37: {  0  1  2  3  4 20 15 13  9 23 11 16  5 17 22 18 10  7  6 14 12 21 19  8 }
L3SL10SR3SL7SR2SL5SL5
38: {  0  1  2  3  4 20 18 10 16 19 23 17 12  9  8  6 14 22 15 13 21  5 11  7 }
SL5SR7SR7SR7SR4SR6
39: {  0  1  2  3  4 21  6  9 19  7 17 14 20 22 11 15 23 10 18  8 12  5 13 16 }
RSL8SR5SR4SL5SR2SR11
40: {  0  1  2  3  4 21 15 23 14 13  7 22 12 19 16 18  8 11  6  9  5 20 17 10 }
L6SL4SL7SL7SL7SR5S
41: {  0  1  2  3  4 21 18  8 22 17 13 19  5 14 10  6  9 16 15 23 20 12  7 11 }
R9SR5SR3SL8SL9SR10S
42: {  0  1  2  3  4 22  6 17 14 10  9 19 16 21  8 15 12  7 18 11 23 13  5 20 }
L9SL7SL9SR5SR5SR6SR10
43: {  0  1  2  3  4 22 15 12 19  5 10 21 23 14 20 18 11  8  6 17 13 16  9  7 }
L6SR11SR6SL5SL11SR6
44: {  0  1  2  3  4 22 18 11 21  9  5 14 13 19  7  6 17 20 15 12 16 23 10  8 }
R6SR8SL10SR7SL9SL5
45: {  0  1  2  3  4 23  6  8  7 19 11 10 13 12 17 15 21 14 18  9 22 16 20  5 }
L3SR6SL4SR6SL3SL7S
46: {  0  1  2  3  4 23 15 21 10 20 19 12 22  7  5 18  9 17  6  8 16 13 11 14 }
L3SR7SR9SL10SL3SR2SR4
47: {  0  1  2  3  4 23 18  9 12 11 20  7 16 10 14  6  8  5 15 21 13 22 19 17 }
LSR7SL4SR6SR8SR8S

===============================================================================

Note: All paths are shortest..

Note: of the 19 balls in 5..23, 16 can appear in the "5-slot", 
      with only 6, 15, and 18 can appear in the "6-slot".

