

















































============================== 1 ==============================

============================== 2 ==============================

============================== 3 ==============================

============================== 4 ==============================

============================== 5 ==============================

============================== 6 ==============================

============================== 7 ==============================

============================== 8 ==============================

============================== 9 ==============================

============================== 10 ==============================
{  0  1  2  3  4  9 15  8 20 10  5 17 11 16 19 18 23 12  6 21  7 14 22 13 }  L22SL7SL9SL7SL
{  0  1  2  3  4 10 18 20  7  5  9 12 17 23 21  6 13 11 15 14  8 19 22 16 }  L22SL16SL14SL16SL
{  0  1  2  3  4  7  6  5 23 21 13 12 11 10 20 15 19 22 18 16 14  9 17  8 }  L15SL5SL5SL13SL3
{  0  1  2  3  4  7  6  5 23 21 13 12 11 10 20 15 19 22 18 16 14  9 17  8 }  L20SL10SL18SL18SL8

============================== 11 ==============================
{  0  1  2  3  4  9 15  8 20 10  5 17 11 16 19 18 23 12  6 21  7 14 22 13 }  L22SL7SL9SL6SL22S
{  0  1  2  3  4 10 18 20  7  5  9 12 17 23 21  6 13 11 15 14  8 19 22 16 }  L22SL16SL14SL15SL22S
{  0  1  2  3  4  9 15  8 20 10  5 17 11 16 19 18 23 12  6 21  7 14 22 13 }  SLSL8SL9SL7SL
{  0  1  2  3  4 10 18 20  7  5  9 12 17 23 21  6 13 11 15 14  8 19 22 16 }  SLSL17SL14SL16SL

============================== 12 ==============================
{  0  1  2  3  4  9 15  8 20 10  5 17 11 16 19 18 23 12  6 21  7 14 22 13 }  SLSL8SL9SL6SL22S
{  0  1  2  3  4 10 18 20  7  5  9 12 17 23 21  6 13 11 15 14  8 19 22 16 }  SLSL17SL14SL15SL22S
{  0  1  2  3  4  9 15  8 20 10  5 17 11 16 19 18 23 12  6 21  7 14 22 13 }  L22SL7SL8SL22SL6SL
{  0  1  2  3  4  9 15  8 20 10  5 17 11 16 19 18 23 12  6 21  7 14 22 13 }  L22SL6SL22SL8SL7SL
{  0  1  2  3  4  9 15  8 20 10  5 17 11 16 19 18 23 12  6 21  7 14 22 13 }  L21SL22SL6SL9SL7SL
{  0  1  2  3  4  9 15  8 20 10  5 17 11 16 19 18 23 12  6 21  7 14 22 13 }  L22SL8SLSL10SL7SL
{  0  1  2  3  4  9 15  8 20 10  5 17 11 16 19 18 23 12  6 21  7 14 22 13 }  L22SL7SL10SLSL8SL
{  0  1  2  3  4 10 18 20  7  5  9 12 17 23 21  6 13 11 15 14  8 19 22 16 }  L22SL16SL13SL22SL15SL
{  0  1  2  3  4 10 18 20  7  5  9 12 17 23 21  6 13 11 15 14  8 19 22 16 }  L22SL15SL22SL13SL16SL
{  0  1  2  3  4 10 18 20  7  5  9 12 17 23 21  6 13 11 15 14  8 19 22 16 }  L21SL22SL15SL14SL16SL
{  0  1  2  3  4 10 18 20  7  5  9 12 17 23 21  6 13 11 15 14  8 19 22 16 }  L22SL17SLSL15SL16SL
{  0  1  2  3  4 10 18 20  7  5  9 12 17 23 21  6 13 11 15 14  8 19 22 16 }  L22SL16SL15SLSL17SL
{  0  1  2  3  4  9 15  8 20 10  5 17 11 16 19 18 23 12  6 21  7 14 22 13 }  L22SL7SL9SL8SLSL2
{  0  1  2  3  4 10 18 20  7  5  9 12 17 23 21  6 13 11 15 14  8 19 22 16 }  L22SL16SL14SL17SLSL2
{  0  1  2  3  4  7  6  5 23 21 13 12 11 10 20 15 19 22 18 16 14  9 17  8 }  L15SL5SL5SL12SL22SL2
{  0  1  2  3  4  7  6  5 23 21 13 12 11 10 20 15 19 22 18 16 14  9 17  8 }  L15SL5SL4SL22SL12SL3
{  0  1  2  3  4  7  6  5 23 21 13 12 11 10 20 15 19 22 18 16 14  9 17  8 }  L15SL4SL22SL4SL13SL3
{  0  1  2  3  4  7  6  5 23 21 13 12 11 10 20 15 19 22 18 16 14  9 17  8 }  L14SL22SL4SL5SL13SL3
{  0  1  2  3  4  7  6  5 23 21 13 12 11 10 20 15 19 22 18 16 14  9 17  8 }  L16SLSL6SL5SL13SL3
{  0  1  2  3  4  7  6  5 23 21 13 12 11 10 20 15 19 22 18 16 14  9 17  8 }  L15SL6SLSL6SL13SL3
{  0  1  2  3  4  7  6  5 23 21 13 12 11 10 20 15 19 22 18 16 14  9 17  8 }  L15SL5SL6SLSL14SL3
{  0  1  2  3  4  7  6  5 23 21 13 12 11 10 20 15 19 22 18 16 14  9 17  8 }  L15SL5SL5SL14SLSL4
{  0  1  2  3  4  7 18 16 10 13 17 23  9 12 22  6  5  8 15 19 11 14 21 20 }  L19SL12SL21SL19SL10SL4
{  0  1  2  3  4  7 18 16 10 13 17 23  9 12 22  6  5  8 15 19 11 14 21 20 }  L19SL13SL2SL20SL10SL4
{  0  1  2  3  4 16 15  5 17 12  8 20 13  9 21 18  7 10  6 19 23 22 14 11 }  L19SL13SL3SL21SL10SL4
{  0  1  2  3  4 16 15  5 17 12  8 20 13  9 21 18  7 10  6 19 23 22 14 11 }  L19SL13SL4SL2SL11SL4
{  0  1  2  3  4 13 15 20  8 21 17  5 16 11 12 18 14 19  6 10 22 23  7  9 }  L14SL4SL18SL17SL11SL4
{  0  1  2  3  4 10 15 14 23  9 22  7 19 12 11 18 20 16  6 13 17  8  5 21 }  L17SL15SL10SL16SL9SL5
{  0  1  2  3  4 22 18 11 21  9  5 14 13 19  7  6 17 20 15 12 16 23 10  8 }  L18SL14SL7SL13SL8SL6
{  0  1  2  3  4  7  6  5 23 21 13 12 11 10 20 15 19 22 18 16 14  9 17  8 }  L20SL10SL18SL17SL22SL7
{  0  1  2  3  4  7  6  5 23 21 13 12 11 10 20 15 19 22 18 16 14  9 17  8 }  L20SL10SL17SL22SL17SL8
{  0  1  2  3  4  7  6  5 23 21 13 12 11 10 20 15 19 22 18 16 14  9 17  8 }  L20SL9SL22SL17SL18SL8
{  0  1  2  3  4  7  6  5 23 21 13 12 11 10 20 15 19 22 18 16 14  9 17  8 }  L19SL22SL9SL18SL18SL8
{  0  1  2  3  4  7  6  5 23 21 13 12 11 10 20 15 19 22 18 16 14  9 17  8 }  L21SLSL11SL18SL18SL8
{  0  1  2  3  4  7  6  5 23 21 13 12 11 10 20 15 19 22 18 16 14  9 17  8 }  L20SL11SLSL19SL18SL8
{  0  1  2  3  4  7  6  5 23 21 13 12 11 10 20 15 19 22 18 16 14  9 17  8 }  L20SL10SL19SLSL19SL8
{  0  1  2  3  4 14  6 20 22 12 16 21  9 19  5 15 10 23 18 13  7 11  8 17 }  L13SL5SL19SL13SL19SL8
{  0  1  2  3  4  7  6  5 23 21 13 12 11 10 20 15 19 22 18 16 14  9 17  8 }  L20SL10SL18SL19SLSL9
{  0  1  2  3  4 11 18 22  8 23 19 13 14  5 16  6 12 10 15 17  7  9 20 21 }  L19SL12SL6SL5SL19SL9
{  0  1  2  3  4 12  6 11 10 14  8  7  5 23  9 15 22 19 18 17 21 20 16 13 }  L11SL3SL7SL3SL17SL10
{  0  1  2  3  4 14  6 20 22 12 16 21  9 19  5 15 10 23 18 13  7 11  8 17 }  L15SL4SL10SL4SL18SL10
{  0  1  2  3  4 12  6 11 10 14  8  7  5 23  9 15 22 19 18 17 21 20 16 13 }  L13SL6SL20SL16SL20SL12
{  0  1  2  3  4  9  6 21 16  5 22 20 14 17 12 15  8 13 18 23 11  7 10 19 }  L4SL13SL19SL21SL5SL15
{  0  1  2  3  4  9  6 21 16  5 22 20 14 17 12 15  8 13 18 23 11  7 10 19 }  L4SL13SL20SL2SL6SL15
{  0  1  2  3  4  9 18 23 17 22 10 16  7 20 13  6 21 19 15  8 14 11  5 12 }  L6SL12SL17SL5SL11SL17
{  0  1  2  3  4 22 15 12 19  5 10 21 23 14 20 18 11  8  6 17 13 16  9  7 }  L6SL12SL18SL6SL11SL17
{  0  1  2  3  4  9  6 21 16  5 22 20 14 17 12 15  8 13 18 23 11  7 10 19 }  L8SL17SL21SL3SL10SL19
{  0  1  2  3  4  9  6 21 16  5 22 20 14 17 12 15  8 13 18 23 11  7 10 19 }  L8SL18SL2SL4SL10SL19

============================== 13 ==============================
{  0  1  2  3  4 11  6 12 13 20 23  5  7  8 21 15 17 16 18 22  9 14 19 10 }  L21SL18SL15SL3SL16SL2S
{  0  1  2  3  4 12  6 11 10 14  8  7  5 23  9 15 22 19 18 17 21 20 16 13 }  L21SL5SL19SL5SL21SL2S
{  0  1  2  3  4 12  6 11 10 14  8  7  5 23  9 15 22 19 18 17 21 20 16 13 }  L21SL5SL19SL6SL2SL3S
{  0  1  2  3  4  5 18 19 13 10 22  8 21 11 17  6  7 23 15 16 12 20  9 14 }  L20SL13SL10SL5SL11SL3S
{  0  1  2  3  4 23  6  8  7 19 11 10 13 12 17 15 21 14 18  9 22 16 20  5 }  L13SL5SL16SL11SL13SL6S
{  0  1  2  3  4 23  6  8  7 19 11 10 13 12 17 15 21 14 18  9 22 16 20  5 }  L3SL17SL4SL17SL3SL7S
{  0  1  2  3  4 13 15 20  8 21 17  5 16 11 12 18 14 19  6 10 22 23  7  9 }  L18SL16SL17SL9SL12SL8S
{  0  1  2  3  4  5 18 19 13 10 22  8 21 11 17  6  7 23 15 16 12 20  9 14 }  L17SL16SL21SL15SL13SL10S
{  0  1  2  3  4  5 18 19 13 10 22  8 21 11 17  6  7 23 15 16 12 20  9 14 }  L17SL17SL2SL16SL13SL10S
{  0  1  2  3  4 23 18  9 12 11 20  7 16 10 14  6  8  5 15 21 13 22 19 17 }  L15SL13SL12SL11SL16SL10S
{  0  1  2  3  4 23  6  8  7 19 11 10 13 12 17 15 21 14 18  9 22 16 20  5 }  L18SL10SL11SL6SL18SL11S
{  0  1  2  3  4 16  6 19  9  8 14 17 22 20 10 15  5 11 18  7 13 23 12 21 }  L21SL16SL17SL12SL9SL12S
{  0  1  2  3  4 12 15 22  7 16 14 23 21 10 13 18 17  9  6 11 20  5  8 19 }  L14SL18SL20SL8SL9SL13S
{  0  1  2  3  4 17 15 11 16  7 13  9  8 20 14 18 12 23  6 22 10 19 21  5 }  LSL16SL4SL17SL15SL15S
{  0  1  2  3  4 13 15 20  8 21 17  5 16 11 12 18 14 19  6 10 22 23  7  9 }  L11SL21SL19SL5SL7SL16S
{  0  1  2  3  4 13 15 20  8 21 17  5 16 11 12 18 14 19  6 10 22 23  7  9 }  L12SL2SL20SL5SL7SL16S
{  0  1  2  3  4 20 18 10 16 19 23 17 12  9  8  6 14 22 15 13 21  5 11  7 }  L6SL4SL7SL7SL7SL18S
{  0  1  2  3  4  9 15  8 20 10  5 17 11 16 19 18 23 12  6 21  7 14 22 13 }  L22SL7SL9SL5SL22SL21S
{  0  1  2  3  4 10 18 20  7  5  9 12 17 23 21  6 13 11 15 14  8 19 22 16 }  L22SL16SL14SL14SL22SL21S
{  0  1  2  3  4  9 15  8 20 10  5 17 11 16 19 18 23 12  6 21  7 14 22 13 }  L22SL7SL8SL22SL5SL22S
{  0  1  2  3  4  9 15  8 20 10  5 17 11 16 19 18 23 12  6 21  7 14 22 13 }  L22SL6SL22SL8SL6SL22S
{  0  1  2  3  4  9 15  8 20 10  5 17 11 16 19 18 23 12  6 21  7 14 22 13 }  L21SL22SL6SL9SL6SL22S
{  0  1  2  3  4  9 15  8 20 10  5 17 11 16 19 18 23 12  6 21  7 14 22 13 }  L22SL8SLSL10SL6SL22S
{  0  1  2  3  4  9 15  8 20 10  5 17 11 16 19 18 23 12  6 21  7 14 22 13 }  L22SL7SL10SLSL7SL22S
{  0  1  2  3  4  9 15  8 20 10  5 17 11 16 19 18 23 12  6 21  7 14 22 13 }  L22SL7SL10SLSL7SL22S
{  0  1  2  3  4 10 18 20  7  5  9 12 17 23 21  6 13 11 15 14  8 19 22 16 }  L22SL16SL13SL22SL14SL22S
{  0  1  2  3  4 10 18 20  7  5  9 12 17 23 21  6 13 11 15 14  8 19 22 16 }  L22SL15SL22SL13SL15SL22S
{  0  1  2  3  4 10 18 20  7  5  9 12 17 23 21  6 13 11 15 14  8 19 22 16 }  L21SL22SL15SL14SL15SL22S
{  0  1  2  3  4 10 18 20  7  5  9 12 17 23 21  6 13 11 15 14  8 19 22 16 }  L22SL17SLSL15SL15SL22S
{  0  1  2  3  4 10 18 20  7  5  9 12 17 23 21  6 13 11 15 14  8 19 22 16 }  L22SL16SL15SLSL16SL22S
{  0  1  2  3  4  9 15  8 20 10  5 17 11 16 19 18 23 12  6 21  7 14 22 13 }  SLSL8SL8SL22SL6SL
{  0  1  2  3  4  9 15  8 20 10  5 17 11 16 19 18 23 12  6 21  7 14 22 13 }  SLSL7SL22SL8SL7SL
{  0  1  2  3  4  9 15  8 20 10  5 17 11 16 19 18 23 12  6 21  7 14 22 13 }  SL2SLSL9SL9SL7SL
{  0  1  2  3  4  9 15  8 20 10  5 17 11 16 19 18 23 12  6 21  7 14 22 13 }  SLSL9SLSL10SL7SL
{  0  1  2  3  4  9 15  8 20 10  5 17 11 16 19 18 23 12  6 21  7 14 22 13 }  SLSL8SL10SLSL8SL
{  0  1  2  3  4 10 18 20  7  5  9 12 17 23 21  6 13 11 15 14  8 19 22 16 }  SLSL17SL13SL22SL15SL
{  0  1  2  3  4 10 18 20  7  5  9 12 17 23 21  6 13 11 15 14  8 19 22 16 }  SLSL16SL22SL13SL16SL
{  0  1  2  3  4 10 18 20  7  5  9 12 17 23 21  6 13 11 15 14  8 19 22 16 }  SL2SLSL18SL14SL16SL
{  0  1  2  3  4 10 18 20  7  5  9 12 17 23 21  6 13 11 15 14  8 19 22 16 }  SLSL18SLSL15SL16SL
{  0  1  2  3  4 10 18 20  7  5  9 12 17 23 21  6 13 11 15 14  8 19 22 16 }  SLSL17SL15SLSL17SL
{  0  1  2  3  4  9 15  8 20 10  5 17 11 16 19 18 23 12  6 21  7 14 22 13 }  SLSL8SL9SL8SLSL2
{  0  1  2  3  4 10 18 20  7  5  9 12 17 23 21  6 13 11 15 14  8 19 22 16 }  SLSL17SL14SL17SLSL2
{  0  1  2  3  4 11  6 12 13 20 23  5  7  8 21 15 17 16 18 22  9 14 19 10 }  SL21SL7SL20SL8SL5SL2
{  0  1  2  3  4 16  6 19  9  8 14 17 22 20 10 15  5 11 18  7 13 23 12 21 }  SL11SL14SL11SL6SL7SL2
{  0  1  2  3  4 12  6 11 10 14  8  7  5 23  9 15 22 19 18 17 21 20 16 13 }  SL20SL21SL17SL4SL18SL2
{  0  1  2  3  4 12  6 11 10 14  8  7  5 23  9 15 22 19 18 17 21 20 16 13 }  SL21SL2SL18SL4SL18SL2
{  0  1  2  3  4  5 15 16 11 22  9 13 20  8 23 18 19 14  6  7 21 12 10 17 }  SL20SL12SL18SL13SL10SL3
{  0  1  2  3  4 11 18 22  8 23 19 13 14  5 16  6 12 10 15 17  7  9 20 21 }  SL15SL11SL14SL6SL7SL5
{  0  1  2  3  4 23  6  8  7 19 11 10 13 12 17 15 21 14 18  9 22 16 20  5 }  SL12SL5SL17SL12SL13SL5
{  0  1  2  3  4  5 15 16 11 22  9 13 20  8 23 18 19 14  6  7 21 12 10 17 }  SL13SL10SL7SL21SL6SL6
{  0  1  2  3  4  5 15 16 11 22  9 13 20  8 23 18 19 14  6  7 21 12 10 17 }  SL13SL10SL8SL2SL7SL6
{  0  1  2  3  4 17 15 11 16  7 13  9  8 20 14 18 12 23  6 22 10 19 21  5 }  SL13SL7SL12SL11SL10SL8
{  0  1  2  3  4 21 18  8 22 17 13 19  5 14 10  6  9 16 15 23 20 12  7 11 }  SL10SL14SL15SL3SL5SL9
{  0  1  2  3  4 23  6  8  7 19 11 10 13 12 17 15 21 14 18  9 22 16 20  5 }  SL17SL10SL12SL7SL18SL10
{  0  1  2  3  4 11 18 22  8 23 19 13 14  5 16  6 12 10 15 17  7  9 20 21 }  SL7SL16SL18SL3SL21SL11
{  0  1  2  3  4 11 18 22  8 23 19 13 14  5 16  6 12 10 15 17  7  9 20 21 }  SL7SL16SL18SL4SL2SL12
{  0  1  2  3  4 21 15 23 14 13  7 22 12 19 16 18  8 11  6  9  5 20 17 10 }  SL5SL16SL16SL16SL19SL17
{  0  1  2  3  4 23  6  8  7 19 11 10 13 12 17 15 21 14 18  9 22 16 20  5 }  SL16SL20SL6SL19SL6SL20
{  0  1  2  3  4 23 18  9 12 11 20  7 16 10 14  6  8  5 15 21 13 22 19 17 }  SL8SL8SL6SL19SL7SL22

============================== 14 ==============================
{  0  1  2  3  4 23 18  9 12 11 20  7 16 10 14  6  8  5 15 21 13 22 19 17 }  SL8SL8SL6SL19SL8SLS
{  0  1  2  3  4  8 18 21 11 12 14  5 19 13 20  6 23  7 15  9 10 17 16 22 }  SL18SL5SL16SL6SL15SL4S
{  0  1  2  3  4 11 15 17  5 19 20  8  9 13 10 18 22 21  6 12 14  7 23 16 }  SL19SL8SL17SL7SL18SL5S
{  0  1  2  3  4 12 18 17 23  8 16 10 20  7 19  6 11 13 15 22  5 21 14  9 }  SL13SL12SL16SL11SL5SL6S
{  0  1  2  3  4 12  6 11 10 14  8  7  5 23  9 15 22 19 18 17 21 20 16 13 }  SL6SL19SL3SL7SL5SL7S
{  0  1  2  3  4 19 18  5 14 20 11 21  8 22 12  6 16  9 15  7 17 10 23 13 }  SL15SL11SL21SL19SL11SL8S
{  0  1  2  3  4 19 18  5 14 20 11 21  8 22 12  6 16  9 15  7 17 10 23 13 }  SL15SL12SL2SL20SL11SL8S
{  0  1  2  3  4  7 15 19 12 17 21 10 14 23  8 18 16 20  6  5  9 11 13 22 }  SL15SL12SL3SL21SL11SL8S
{  0  1  2  3  4  7 15 19 12 17 21 10 14 23  8 18 16 20  6  5  9 11 13 22 }  SL15SL12SL4SL2SL12SL8S
{  0  1  2  3  4  8 18 21 11 12 14  5 19 13 20  6 23  7 15  9 10 17 16 22 }  SL7SL20SL8SL11SL6SL10S
{  0  1  2  3  4 20 15 13  9 23 11 16  5 17 22 18 10  7  6 14 12 21 19  8 }  SL17SL18SL12SL7SL11SL10S
{  0  1  2  3  4 20  6 14 17 11 19  9 21 16  7 15 13  8 18 10  5 12 23 22 }  SL6SL20SL4SL10SL18SL10S
{  0  1  2  3  4 21  6  9 19  7 17 14 20 22 11 15 23 10 18  8 12  5 13 16 }  SL9SL14SL6SL17SL8SL12S
{  0  1  2  3  4 21  6  9 19  7 17 14 20 22 11 15 23 10 18  8 12  5 13 16 }  SL11SL15SL6SL17SL9SL14S
{  0  1  2  3  4 13  6 10 11 17  7  8 23  5 19 15 20  9 18 14 16 22 21 12 }  SL7SL8SL15SL9SL12SL15S
{  0  1  2  3  4 17  6 22 20 13 21 16 19  9 23 15 11  5 18 12  8 10  7 14 }  SL7SL7SL14SL10SL13SL15S
{  0  1  2  3  4 17 15 11 16  7 13  9  8 20 14 18 12 23  6 22 10 19 21  5 }  SL22SL15SL4SL17SL15SL15S
{  0  1  2  3  4 11 15 17  5 19 20  8  9 13 10 18 22 21  6 12 14  7 23 16 }  SL13SL17SL12SL15SL3SL16S
{  0  1  2  3  4 13  6 10 11 17  7  8 23  5 19 15 20  9 18 14 16 22 21 12 }  SL8SL11SL14SL8SL15SL16S
{  0  1  2  3  4 17  6 22 20 13 21 16 19  9 23 15 11  5 18 12  8 10  7 14 }  SL8SL10SL13SL9SL16SL16S
{  0  1  2  3  4 20  6 14 17 11 19  9 21 16  7 15 13  8 18 10  5 12 23 22 }  SL13SL5SL13SL19SL3SL17S
{  0  1  2  3  4 12  6 11 10 14  8  7  5 23  9 15 22 19 18 17 21 20 16 13 }  SL16SL18SL16SL20SL4SL17S
{  0  1  2  3  4  5 15 16 11 22  9 13 20  8 23 18 19 14  6  7 21 12 10 17 }  SL5SL6SL9SL15SL15SL17S
{  0  1  2  3  4  5 18 19 13 10 22  8 21 11 17  6  7 23 15 16 12 20  9 14 }  SL6SL8SL8SL14SL17SL18S
{  0  1  2  3  4  9 15  8 20 10  5 17 11 16 19 18 23 12  6 21  7 14 22 13 }  SLSL8SL9SL5SL22SL21S
{  0  1  2  3  4 10 18 20  7  5  9 12 17 23 21  6 13 11 15 14  8 19 22 16 }  SLSL17SL14SL14SL22SL21S
{  0  1  2  3  4  9 15  8 20 10  5 17 11 16 19 18 23 12  6 21  7 14 22 13 }  SLSL8SL8SL22SL5SL22S
{  0  1  2  3  4  9 15  8 20 10  5 17 11 16 19 18 23 12  6 21  7 14 22 13 }  SLSL7SL22SL8SL6SL22S
{  0  1  2  3  4  9 15  8 20 10  5 17 11 16 19 18 23 12  6 21  7 14 22 13 }  SL2SLSL9SL9SL6SL22S
{  0  1  2  3  4  9 15  8 20 10  5 17 11 16 19 18 23 12  6 21  7 14 22 13 }  SLSL9SLSL10SL6SL22S
{  0  1  2  3  4  9 15  8 20 10  5 17 11 16 19 18 23 12  6 21  7 14 22 13 }  SLSL8SL10SLSL7SL22S
{  0  1  2  3  4 10 18 20  7  5  9 12 17 23 21  6 13 11 15 14  8 19 22 16 }  SLSL17SL13SL22SL14SL22S
{  0  1  2  3  4 10 18 20  7  5  9 12 17 23 21  6 13 11 15 14  8 19 22 16 }  SLSL16SL22SL13SL15SL22S
{  0  1  2  3  4 10 18 20  7  5  9 12 17 23 21  6 13 11 15 14  8 19 22 16 }  SL2SLSL18SL14SL15SL22S
{  0  1  2  3  4 10 18 20  7  5  9 12 17 23 21  6 13 11 15 14  8 19 22 16 }  SLSL18SLSL15SL15SL22S
{  0  1  2  3  4 10 18 20  7  5  9 12 17 23 21  6 13 11 15 14  8 19 22 16 }  SLSL17SL15SLSL16SL22S
{  0  1  2  3  4 17 18 12  9 21  7 20 10 16  5  6 22 14 15 11 19  8 13 23 }  L19SL13SL10SL5SL11SL3SL
{  0  1  2  3  4  9  6 21 16  5 22 20 14 17 12 15  8 13 18 23 11  7 10 19 }  L18SL17SL6SL4SL19SL4SL
{  0  1  2  3  4 20  6 14 17 11 19  9 21 16  7 15 13  8 18 10  5 12 23 22 }  L16SL16SL7SL6SL19SL4SL
{  0  1  2  3  4  9 15  8 20 10  5 17 11 16 19 18 23 12  6 21  7 14 22 13 }  L22SL7SL8SL21SL22SL5SL
{  0  1  2  3  4 11 15 17  5 19 20  8  9 13 10 18 22 21  6 12 14  7 23 16 }  L2SL10SL8SL18SL18SL6SL
{  0  1  2  3  4  9 15  8 20 10  5 17 11 16 19 18 23 12  6 21  7 14 22 13 }  L22SL7SL7SL22SL21SL6SL
{  0  1  2  3  4  9 15  8 20 10  5 17 11 16 19 18 23 12  6 21  7 14 22 13 }  L22SL6SL22SL7SL22SL6SL
{  0  1  2  3  4  9 15  8 20 10  5 17 11 16 19 18 23 12  6 21  7 14 22 13 }  L21SL22SL6SL8SL22SL6SL
{  0  1  2  3  4  9 15  8 20 10  5 17 11 16 19 18 23 12  6 21  7 14 22 13 }  L22SL8SLSL9SL22SL6SL
{  0  1  2  3  4  9 15  8 20 10  5 17 11 16 19 18 23 12  6 21  7 14 22 13 }  L22SL6SL21SL22SL7SL7SL
{  0  1  2  3  4  9 15  8 20 10  5 17 11 16 19 18 23 12  6 21  7 14 22 13 }  L22SL5SL22SL21SL8SL7SL
{  0  1  2  3  4  9 15  8 20 10  5 17 11 16 19 18 23 12  6 21  7 14 22 13 }  L21SL22SL5SL22SL8SL7SL
{  0  1  2  3  4  9 15  8 20 10  5 17 11 16 19 18 23 12  6 21  7 14 22 13 }  L21SL21SL22SL5SL9SL7SL
{  0  1  2  3  4  9 15  8 20 10  5 17 11 16 19 18 23 12  6 21  7 14 22 13 }  L20SL22SL21SL6SL9SL7SL
{  0  1  2  3  4  9 15  8 20 10  5 17 11 16 19 18 23 12  6 21  7 14 22 13 }  LSLSL2SL8SL9SL7SL
{  0  1  2  3  4 10 18 20  7  5  9 12 17 23 21  6 13 11 15 14  8 19 22 16 }  L22SL7SL9SL14SL9SL7SL
{  0  1  2  3  4  9 15  8 20 10  5 17 11 16 19 18 23 12  6 21  7 14 22 13 }  L21SL22SL7SLSL10SL7SL
{  0  1  2  3  4  9 15  8 20 10  5 17 11 16 19 18 23 12  6 21  7 14 22 13 }  L22SL9SLSL2SL10SL7SL
{  0  1  2  3  4  9 15  8 20 10  5 17 11 16 19 18 23 12  6 21  7 14 22 13 }  L22SL8SL2SLSL11SL7SL
{  0  1  2  3  4  9 15  8 20 10  5 17 11 16 19 18 23 12  6 21  7 14 22 13 }  L22SL6SL22SL9SLSL8SL
{  0  1  2  3  4  9 15  8 20 10  5 17 11 16 19 18 23 12  6 21  7 14 22 13 }  L21SL22SL6SL10SLSL8SL
{  0  1  2  3  4  9 15  8 20 10  5 17 11 16 19 18 23 12  6 21  7 14 22 13 }  L22SL8SLSL11SLSL8SL
{  0  1  2  3  4  9 15  8 20 10  5 17 11 16 19 18 23 12  6 21  7 14 22 13 }  L22SL7SL11SLSL2SL8SL
{  0  1  2  3  4  9 15  8 20 10  5 17 11 16 19 18 23 12  6 21  7 14 22 13 }  L22SL7SL10SL2SLSL9SL
{  0  1  2  3  4 19  6 16 21 23 20 22 17 14 13 15  7 12 18  5 10  8 11  9 }  L21SL17SL18SL18SL9SL9SL
{  0  1  2  3  4 17 18 12  9 21  7 20 10 16  5  6 22 14 15 11 19  8 13 23 }  L16SL16SL21SL15SL13SL10SL
{  0  1  2  3  4 17 18 12  9 21  7 20 10 16  5  6 22 14 15 11 19  8 13 23 }  L16SL17SL2SL16SL13SL10SL
{  0  1  2  3  4 22 15 12 19  5 10 21 23 14 20 18 11  8  6 17 13 16  9  7 }  L5SL20SL18SL7SL4SL11SL
{  0  1  2  3  4 17 15 11 16  7 13  9  8 20 14 18 12 23  6 22 10 19 21  5 }  L17SL6SL3SL3SL15SL11SL
{  0  1  2  3  4 10 18 20  7  5  9 12 17 23 21  6 13 11 15 14  8 19 22 16 }  L22SL16SL13SL21SL22SL14SL
{  0  1  2  3  4 21  6  9 19  7 17 14 20 22 11 15 23 10 18  8 12  5 13 16 }  L10SL21SL17SL4SL5SL15SL
{  0  1  2  3  4 21  6  9 19  7 17 14 20 22 11 15 23 10 18  8 12  5 13 16 }  L11SL2SL18SL4SL5SL15SL
{  0  1  2  3  4 10 18 20  7  5  9 12 17 23 21  6 13 11 15 14  8 19 22 16 }  L22SL16SL12SL22SL21SL15SL
{  0  1  2  3  4 10 18 20  7  5  9 12 17 23 21  6 13 11 15 14  8 19 22 16 }  L22SL15SL22SL12SL22SL15SL
{  0  1  2  3  4 10 18 20  7  5  9 12 17 23 21  6 13 11 15 14  8 19 22 16 }  L21SL22SL15SL13SL22SL15SL
{  0  1  2  3  4 10 18 20  7  5  9 12 17 23 21  6 13 11 15 14  8 19 22 16 }  L22SL17SLSL14SL22SL15SL
{  0  1  2  3  4 10 18 20  7  5  9 12 17 23 21  6 13 11 15 14  8 19 22 16 }  L22SL15SL21SL22SL12SL16SL
{  0  1  2  3  4 10 18 20  7  5  9 12 17 23 21  6 13 11 15 14  8 19 22 16 }  L22SL14SL22SL21SL13SL16SL
{  0  1  2  3  4 10 18 20  7  5  9 12 17 23 21  6 13 11 15 14  8 19 22 16 }  L21SL22SL14SL22SL13SL16SL
{  0  1  2  3  4  9 15  8 20 10  5 17 11 16 19 18 23 12  6 21  7 14 22 13 }  L22SL16SL14SL9SL14SL16SL
{  0  1  2  3  4 10 18 20  7  5  9 12 17 23 21  6 13 11 15 14  8 19 22 16 }  L21SL21SL22SL14SL14SL16SL
{  0  1  2  3  4 10 18 20  7  5  9 12 17 23 21  6 13 11 15 14  8 19 22 16 }  L20SL22SL21SL15SL14SL16SL
{  0  1  2  3  4 10 18 20  7  5  9 12 17 23 21  6 13 11 15 14  8 19 22 16 }  LSLSL2SL17SL14SL16SL
{  0  1  2  3  4 10 18 20  7  5  9 12 17 23 21  6 13 11 15 14  8 19 22 16 }  L21SL22SL16SLSL15SL16SL
{  0  1  2  3  4 10 18 20  7  5  9 12 17 23 21  6 13 11 15 14  8 19 22 16 }  L22SL18SLSL2SL15SL16SL
{  0  1  2  3  4 10 18 20  7  5  9 12 17 23 21  6 13 11 15 14  8 19 22 16 }  L22SL17SL2SLSL16SL16SL
{  0  1  2  3  4 10 18 20  7  5  9 12 17 23 21  6 13 11 15 14  8 19 22 16 }  L22SL15SL22SL14SLSL17SL
{  0  1  2  3  4 10 18 20  7  5  9 12 17 23 21  6 13 11 15 14  8 19 22 16 }  L21SL22SL15SL15SLSL17SL
{  0  1  2  3  4 10 18 20  7  5  9 12 17 23 21  6 13 11 15 14  8 19 22 16 }  L22SL17SLSL16SLSL17SL
{  0  1  2  3  4 10 18 20  7  5  9 12 17 23 21  6 13 11 15 14  8 19 22 16 }  L22SL16SL16SLSL2SL17SL
{  0  1  2  3  4 10 18 20  7  5  9 12 17 23 21  6 13 11 15 14  8 19 22 16 }  L22SL16SL15SL2SLSL18SL
{  0  1  2  3  4 21 18  8 22 17 13 19  5 14 10  6  9 16 15 23 20 12  7 11 }  L10SL15SL12SL5SL3SL21SL
{  0  1  2  3  4  7  6  5 23 21 13 12 11 10 20 15 19 22 18 16 14  9 17  8 }  L15SL5SL5SL12SL21SL22SL
{  0  1  2  3  4  9 15  8 20 10  5 17 11 16 19 18 23 12  6 21  7 14 22 13 }  L22SL7SL8SL22SL7SLSL2
{  0  1  2  3  4  9 15  8 20 10  5 17 11 16 19 18 23 12  6 21  7 14 22 13 }  L22SL6SL22SL8SL8SLSL2
{  0  1  2  3  4  9 15  8 20 10  5 17 11 16 19 18 23 12  6 21  7 14 22 13 }  L21SL22SL6SL9SL8SLSL2
{  0  1  2  3  4  9 15  8 20 10  5 17 11 16 19 18 23 12  6 21  7 14 22 13 }  L22SL8SLSL10SL8SLSL2
{  0  1  2  3  4  9 15  8 20 10  5 17 11 16 19 18 23 12  6 21  7 14 22 13 }  L22SL7SL10SLSL9SLSL2
{  0  1  2  3  4 10 18 20  7  5  9 12 17 23 21  6 13 11 15 14  8 19 22 16 }  L22SL16SL13SL22SL16SLSL2
{  0  1  2  3  4 10 18 20  7  5  9 12 17 23 21  6 13 11 15 14  8 19 22 16 }  L22SL15SL22SL13SL17SLSL2
{  0  1  2  3  4 10 18 20  7  5  9 12 17 23 21  6 13 11 15 14  8 19 22 16 }  L21SL22SL15SL14SL17SLSL2
{  0  1  2  3  4 10 18 20  7  5  9 12 17 23 21  6 13 11 15 14  8 19 22 16 }  L22SL17SLSL15SL17SLSL2
{  0  1  2  3  4 10 18 20  7  5  9 12 17 23 21  6 13 11 15 14  8 19 22 16 }  L22SL16SL15SLSL18SLSL2
{  0  1  2  3  4  9 15  8 20 10  5 17 11 16 19 18 23 12  6 21  7 14 22 13 }  L22SL7SL9SL9SLSL2SL2
{  0  1  2  3  4 10 18 20  7  5  9 12 17 23 21  6 13 11 15 14  8 19 22 16 }  L22SL16SL14SL18SLSL2SL2
{  0  1  2  3  4 21 18  8 22 17 13 19  5 14 10  6  9 16 15 23 20 12  7 11 }  L10SL15SL12SL5SL4SL2SL2
{  0  1  2  3  4 23  6  8  7 19 11 10 13 12 17 15 21 14 18  9 22 16 20  5 }  L15SL6SL17SL16SL9SL4SL2
{  0  1  2  3  4 22 18 11 21  9  5 14 13 19  7  6 17 20 15 12 16 23 10  8 }  L6SL12SL14SL12SL19SL4SL2
{  0  1  2  3  4 11  6 12 13 20 23  5  7  8 21 15 17 16 18 22  9 14 19 10 }  LSL2SL8SL20SL8SL5SL2
{  0  1  2  3  4 22 18 11 21  9  5 14 13 19  7  6 17 20 15 12 16 23 10  8 }  L13SL11SL5SL8SL12SL5SL2
{  0  1  2  3  4 20  6 14 17 11 19  9 21 16  7 15 13  8 18 10  5 12 23 22 }  L9SL7SL8SL8SL17SL5SL2
{  0  1  2  3  4  8  6 23  5 16 12 13 10 11 22 15  9 20 18 21 17 19 14  7 }  L8SL14SL4SL14SL19SL5SL2
{  0  1  2  3  4 19  6 16 21 23 20 22 17 14 13 15  7 12 18  5 10  8 11  9 }  L22SL14SL14SL5SL5SL6SL2
{  0  1  2  3  4 16 15  5 17 12  8 20 13  9 21 18  7 10  6 19 23 22 14 11 }  L9SL19SL19SL12SL12SL6SL2
{  0  1  2  3  4 12 18 17 23  8 16 10 20  7 19  6 11 13 15 22  5 21 14  9 }  L7SL18SL17SL10SL4SL7SL2
